100 392
20 30 5
0
22
27
28
34
35
43
46
50
56
57
63
64
65
66
67
80
87
93
94
5
7
12
15
20
25
30
37
38
41
48
49
52
53
54
60
71
72
74
76
77
78
79
82
86
89
90
95
98
99
2
3
4
8
11
0 2 0.9085851281207076
0 3 0.6931967599101819
0 6 0.6305991277288923
0 12 0.40215338740195294
1 2 0.4393585770256485
1 5 0.3653599582311219
1 43 0.774386371248968
1 57 0.506823425910082
1 68 0.27576233333793043
1 93 0.2176563618656958
2 0 0.2695423540952473
2 1 0.3251774324060508
2 3 0.7053166822764534
2 4 0.6029245932099474
2 5 0.8142016885225646
2 7 0.8177518263939917
2 8 0.4429496442889149
2 14 0.704047979043587
2 18 0.04997108400177619
2 20 0.8573360722268171
2 30 0.35612322622838
2 31 0.40540815246887574
2 45 0.8450418959287379
2 49 0.27970024384837433
2 52 0.7953087541519123
2 54 0.1540828805580826
2 77 0.07539730656756194
2 84 0.4868995593601987
2 94 0.9496514209878335
3 0 0.798180133707948
3 2 0.23174672647401684
3 4 0.006539839074101383
3 8 0.18014603987050282
3 9 0.02000317103628202
3 10 0.9164254356158021
3 11 0.5372234947531324
3 15 0.39944233083430647
3 19 0.3256282459331016
3 21 0.4966951815905426
3 22 0.1179431457388207
3 27 0.38667037576905205
3 30 0.24372230089579316
3 37 0.15863424890631495
3 39 0.14778464933200908
3 42 0.6968062158916254
3 48 0.6026698863123544
3 64 0.15831862063627478
3 70 0.5637060391539934
3 82 0.18548374649351196
3 96 0.9644806211458072
4 2 0.15075242089958618
4 3 0.8273379024383667
4 6 0.22335482085796476
4 7 0.6673286322246761
4 9 0.3819211176722743
4 26 0.018907762130356276
4 34 0.9154084705038142
4 64 0.5244289594506635
4 71 0.6112110820157475
4 76 0.31537325293646756
4 95 0.1176370741357794
5 1 0.8166052326732837
5 2 0.5038304599429185
5 43 0.5605965863040671
5 45 0.8434216758714435
6 0 0.3402611818095166
6 4 0.7354879885090259
6 20 0.11723282609909347
6 35 0.9512618874357944
6 62 0.2298708770594986
6 90 0.7356583026120638
7 2 0.9615766188730331
7 4 0.1410175851208716
7 14 0.8894850066984133
7 28 0.16541323787586526
7 33 0.026023891233092455
7 54 0.46806165294221136
7 56 0.9135514602203587
7 67 0.11830087090129127
7 81 0.11935979866350777
8 3 0.9567277580449438
8 2 0.35030171667312904
8 10 0.08192285965648594
8 13 0.34291131156264687
8 16 0.36222665906164375
8 18 0.9519034409536115
8 23 0.15099744825365258
8 25 0.07889592327388406
8 42 0.03393134605013581
8 44 0.7298133870662417
8 46 0.2905844086436302
8 56 0.839964273805607
8 65 0.6427695023958192
8 98 0.7707526566065122
9 3 0.9822498599923346
9 4 0.2729332403895466
9 15 0.19710103847581817
9 16 0.14844211648389338
10 8 0.6924350804760764
10 3 0.46923949557544076
10 11 0.10453125120538831
10 19 0.6224646315195014
10 23 0.3544431016375953
10 46 0.9896808779403029
10 47 0.8193708921155415
10 78 0.28262614159435195
11 10 0.697841939162166
11 3 0.02070056501943296
11 12 0.3819760725326481
11 13 0.6381754851163273
11 17 0.9741913402713305
11 21 0.95671258704825
11 24 0.7811256144259598
11 28 0.45763111280893465
11 32 0.025430444208055736
11 33 0.18162112026472765
11 44 0.598390936412902
11 59 0.9214363878472827
11 62 0.9369616183202962
11 76 0.8301720159626036
11 96 0.28292252923114347
12 0 0.8529636934222435
12 11 0.3097519144986055
13 8 0.8760064789601896
13 11 0.08686118271230758
14 2 0.6530230132408152
14 7 0.7634965721731797
14 17 0.036633528022999684
14 26 0.4809848792174318
14 27 0.3156432155964206
14 29 0.44569817250756194
14 70 0.5461171419668798
14 80 0.37344493615657026
14 83 0.9278883113629357
15 9 0.8823255199934121
15 3 0.6855214332058798
15 49 0.7766277666436601
15 72 0.9355969761276636
16 8 0.7089380377130788
16 9 0.5490443946528475
16 53 0.13396979012289745
16 61 0.8813643785051086
17 11 0.9447748418514706
17 14 0.21589604138994445
17 32 0.6424163031180737
17 71 0.8677498893350953
17 82 0.9738621118925761
18 8 0.07114172446262279
18 2 0.7277918865931237
18 52 0.36268526233225473
19 10 0.6699776729141259
19 3 0.017450112595221223
19 22 0.857959535612062
19 25 0.8977473888388802
19 58 0.7873788492612712
20 2 0.12723081693365934
20 6 0.12173430467001511
20 31 0.013712050733617476
20 59 0.34190375058891354
20 81 0.5406986824621924
21 3 0.11259071445969016
21 11 0.9492071935427636
21 24 0.49918743066859383
21 34 0.9798296471879604
21 39 0.4179915974590366
21 78 0.30613369906803345
21 79 0.6329545398755261
22 19 0.2632036567609446
22 3 0.6191696082415312
22 37 0.550150026437559
22 58 0.7871673937086708
22 77 0.9588708674374616
23 8 0.9183677900142841
23 10 0.3581006429137128
24 11 0.3789455810133955
24 21 0.42454386206483063
25 8 0.29689134355218516
25 19 0.4826402962260028
25 88 0.7209461642089525
26 4 0.42121495336161585
26 14 0.9231570735054438
26 35 0.17698372331533907
26 36 0.7163787698016174
26 38 0.3849154260197295
26 40 0.16715873371460677
26 41 0.7536144432385461
26 50 0.899187360899544
27 3 0.5572586518825482
27 14 0.7060186450401602
27 29 0.6476416027689373
27 63 0.47174565463565743
27 79 0.2189624941520113
28 11 0.5346757087918677
28 7 0.602153296405049
29 14 0.931948730661344
29 27 0.2717419755975511
29 50 0.557078503799196
29 63 0.7360046685365036
29 91 0.22663823470515587
30 2 0.3123160641509216
30 3 0.8095814186874333
30 51 0.08516946643275836
30 55 0.20185739545363357
30 98 0.9966184748583292
31 2 0.8400050330974272
31 20 0.17774621065229868
31 36 0.9172305428503211
31 60 0.24766170762361395
32 17 0.8974273307257812
32 11 0.286987810390506
32 51 0.35937945567400975
32 75 0.9559099496208412
32 87 0.9785947912343599
33 11 0.9375280956610952
33 7 0.4204973555741375
34 4 0.8852025696613947
34 21 0.5650829478466971
34 95 0.3982433489736469
35 26 0.9492872990236023
35 6 0.9227906703313491
35 38 0.093456679219723
35 40 0.6286108189855112
35 60 0.842664433894788
35 61 0.6337059645267534
36 26 0.23584827148121423
36 31 0.23057597603430635
36 73 0.06590406048101083
37 3 0.1860298588703393
37 22 0.6529228055681785
38 26 0.3052691751308464
38 35 0.6839834769359768
38 48 0.30889227168466693
38 53 0.33982277241130887
39 3 0.5681508238034021
39 21 0.30057318111611464
40 26 0.21370650429262128
40 35 0.10216964386832816
40 41 0.7903153043259039
41 40 0.5818845817416339
41 26 0.4337728984142507
41 57 0.4239421705782266
41 72 0.9497449581360612
41 73 0.1370366641324926
41 90 0.009938351567727266
42 8 0.36092744505770435
42 3 0.08634354384266096
42 84 0.7683724566712822
42 92 0.9516897224450703
43 1 0.14985413063846142
43 5 0.7809277358832775
44 8 0.01082421099355535
44 11 0.4597252523637243
44 66 0.4932279635662947
45 2 0.10846774926140557
45 5 0.5685531839724163
45 55 0.9135608319152736
45 99 0.7157530994814737
46 8 0.43768347573669364
46 10 0.23828539012203087
46 47 0.7585725041132568
47 46 0.8817225306420113
47 10 0.1836994956935094
47 74 0.6989977774952317
48 3 0.31175693597593757
48 38 0.9407653090907147
49 2 0.4055791574084874
49 15 0.1438920031859977
50 26 0.8302552244470329
50 29 0.7385429928395036
51 32 0.43134562849307834
51 30 0.5810861734726306
52 18 0.6553552847933479
52 2 0.9283470504327488
52 74 0.2795804314299368
52 88 0.06375745560332302
53 16 0.8231554043105761
53 38 0.3428277993026323
53 83 0.8764502058103875
54 2 0.9935610521985452
54 7 0.9274652253264892
54 80 0.2494484426840472
55 45 0.3109017090712419
55 30 0.8393801943058858
56 8 0.08281886609159084
56 7 0.5584491862781967
56 65 0.7676372125953966
56 75 0.8946231576993086
56 97 0.6010808214417888
57 41 0.40338281352755534
57 1 0.0006831005979403004
57 67 0.112430161532457
57 68 0.09411781073202252
57 85 0.8574573536788987
57 87 0.23005507318111296
58 19 0.24981390627679878
58 22 0.4738914433282756
58 66 0.47316854960158694
58 69 0.23295380900702467
59 11 0.16287045252874377
59 20 0.8721156187989595
60 35 0.4622226750294004
60 31 0.25995865610053315
60 91 0.06909744626610781
61 16 0.2927506999428562
61 35 0.5005741450508827
61 86 0.7456817711267886
62 11 0.6380883288024465
62 6 0.6448387854032351
63 29 0.8186141038602887
63 27 0.4392874843854383
63 86 0.9709778757754193
64 3 0.152566050038483
64 4 0.7147872025591341
65 56 0.882967651433241
65 8 0.52687050398446
65 94 0.25354669444215017
65 99 0.6306657964404174
66 58 0.4342488018860733
66 44 0.47925980687448777
66 69 0.12796716717741352
66 97 0.953196281217148
67 57 0.8322408260356725
67 7 0.40045891396456956
67 89 0.8882292217225628
68 57 0.1373844900950678
68 1 0.19967707043310845
68 93 0.60334712938897
69 66 0.22364052942252266
69 58 0.49329835427730817
70 3 0.2664669085139847
70 14 0.24186443087474918
71 17 0.3038759021081626
71 4 0.8047180127848517
71 89 0.5736343663933743
72 41 0.06829724678522364
72 15 0.7107203328551545
73 41 0.6803484112643392
73 36 0.8648764633553763
73 85 0.6534512608881987
74 52 0.3462294875834615
74 47 0.5270670344540312
75 32 0.06540923579322788
75 56 0.20707902537952572
76 11 0.9234087231290442
76 4 0.9385146028599946
77 2 0.07190710674848266
77 22 0.794524031919199
78 10 0.8175198715724628
78 21 0.23420589551461402
79 27 0.10698844719594747
79 21 0.7591073086408571
80 54 0.34470715542093244
80 14 0.5109516188784933
81 20 0.04045782644312046
81 7 0.38053396750589574
82 17 0.6299490305098103
82 3 0.8453764216926759
83 53 0.7081706113159628
83 14 0.7812730708206486
84 42 0.7385754358520561
84 2 0.82912556162305
84 92 0.44738513006872294
85 73 0.1742788802904497
85 57 0.49906946727953583
86 61 0.6517953239533082
86 63 0.34467110815731694
87 32 0.3857356892948478
87 57 0.8668999460397955
88 25 0.018778393889499312
88 52 0.3821098216948233
89 67 0.5485953514896067
89 71 0.6047010342836616
90 41 0.8088898258470607
90 6 0.15087287643223346
91 60 0.4918961492146745
91 29 0.6884261133045202
92 42 0.7474534835318115
92 84 0.7668038507217888
93 1 0.5965865275672989
93 68 0.27010667255854115
94 65 0.031651276824564034
94 2 0.7637037869405421
95 34 0.029304128980344624
95 4 0.05643055139622388
96 3 0.5484499626809456
96 11 0.7488140429675492
97 56 0.24592358261097125
97 66 0.07375019450225528
98 8 0.969152481927623
98 30 0.9544886383341835
99 65 0.25023828680989735
99 45 0.04791968693309878
