43 38 0.9999999999999997
0 52 0.9999999999999998
0 82 0.9999999999999998
22 74 0.9999999999999998
22 98 0.9999999999999998
28 15 0.9999999999999998
28 78 0.9999999999999998
28 82 0.9999999999999998
43 37 0.9999999999999998
43 49 0.9999999999999998
43 95 0.9999999999999998
56 53 0.9999999999999998
56 76 0.9999999999999998
56 79 0.9999999999999998
56 82 0.9999999999999998
56 98 0.9999999999999998
56 99 0.9999999999999998
57 52 0.9999999999999998
63 95 0.9999999999999998
64 72 0.9999999999999998
64 98 0.9999999999999998
65 38 0.9999999999999998
65 48 0.9999999999999998
65 49 0.9999999999999998
80 25 0.9999999999999998
80 52 0.9999999999999998
80 78 0.9999999999999998
93 12 0.9999999999999998
93 15 0.9999999999999998
93 52 0.9999999999999998
22 5 0.9999999999999999
22 52 0.9999999999999999
22 53 0.9999999999999999
22 76 0.9999999999999999
22 82 0.9999999999999999
22 86 0.9999999999999999
27 95 0.9999999999999999
28 25 0.9999999999999999
28 98 0.9999999999999999
28 99 0.9999999999999999
34 54 0.9999999999999999
34 89 0.9999999999999999
34 98 0.9999999999999999
35 12 0.9999999999999999
35 52 0.9999999999999999
35 82 0.9999999999999999
35 98 0.9999999999999999
35 99 0.9999999999999999
43 15 0.9999999999999999
43 48 0.9999999999999999
43 53 0.9999999999999999
43 60 0.9999999999999999
43 71 0.9999999999999999
43 74 0.9999999999999999
43 76 0.9999999999999999
43 82 0.9999999999999999
46 82 0.9999999999999999
50 82 0.9999999999999999
56 37 0.9999999999999999
56 52 0.9999999999999999
56 78 0.9999999999999999
57 71 0.9999999999999999
57 74 0.9999999999999999
64 52 0.9999999999999999
64 53 0.9999999999999999
64 74 0.9999999999999999
64 76 0.9999999999999999
64 86 0.9999999999999999
65 37 0.9999999999999999
66 54 0.9999999999999999
67 99 0.9999999999999999
80 98 0.9999999999999999
87 48 0.9999999999999999
93 74 0.9999999999999999
93 82 0.9999999999999999
93 99 0.9999999999999999
0 5 1.0000000000000000
0 15 1.0000000000000000
0 25 1.0000000000000000
0 37 1.0000000000000000
0 38 1.0000000000000000
0 48 1.0000000000000000
0 49 1.0000000000000000
0 53 1.0000000000000000
0 71 1.0000000000000000
0 74 1.0000000000000000
0 76 1.0000000000000000
0 77 1.0000000000000000
0 78 1.0000000000000000
0 79 1.0000000000000000
0 95 1.0000000000000000
0 98 1.0000000000000000
22 7 1.0000000000000000
22 12 1.0000000000000000
22 15 1.0000000000000000
22 20 1.0000000000000000
22 25 1.0000000000000000
22 30 1.0000000000000000
22 37 1.0000000000000000
22 38 1.0000000000000000
22 41 1.0000000000000000
22 48 1.0000000000000000
22 49 1.0000000000000000
22 54 1.0000000000000000
22 60 1.0000000000000000
22 71 1.0000000000000000
22 72 1.0000000000000000
22 77 1.0000000000000000
22 78 1.0000000000000000
22 79 1.0000000000000000
22 89 1.0000000000000000
22 90 1.0000000000000000
22 95 1.0000000000000000
22 99 1.0000000000000000
27 7 1.0000000000000000
27 12 1.0000000000000000
27 15 1.0000000000000000
27 20 1.0000000000000000
27 25 1.0000000000000000
27 30 1.0000000000000000
27 37 1.0000000000000000
27 38 1.0000000000000000
27 41 1.0000000000000000
27 48 1.0000000000000000
27 49 1.0000000000000000
27 52 1.0000000000000000
27 53 1.0000000000000000
27 72 1.0000000000000000
27 74 1.0000000000000000
27 76 1.0000000000000000
27 77 1.0000000000000000
27 78 1.0000000000000000
27 90 1.0000000000000000
27 98 1.0000000000000000
27 99 1.0000000000000000
28 5 1.0000000000000000
28 12 1.0000000000000000
28 30 1.0000000000000000
28 37 1.0000000000000000
28 38 1.0000000000000000
28 48 1.0000000000000000
28 49 1.0000000000000000
28 52 1.0000000000000000
28 53 1.0000000000000000
28 74 1.0000000000000000
28 76 1.0000000000000000
28 77 1.0000000000000000
28 79 1.0000000000000000
28 86 1.0000000000000000
28 90 1.0000000000000000
28 95 1.0000000000000000
34 5 1.0000000000000000
34 7 1.0000000000000000
34 15 1.0000000000000000
34 20 1.0000000000000000
34 25 1.0000000000000000
34 30 1.0000000000000000
34 37 1.0000000000000000
34 38 1.0000000000000000
34 41 1.0000000000000000
34 48 1.0000000000000000
34 49 1.0000000000000000
34 52 1.0000000000000000
34 53 1.0000000000000000
34 60 1.0000000000000000
34 71 1.0000000000000000
34 72 1.0000000000000000
34 74 1.0000000000000000
34 76 1.0000000000000000
34 77 1.0000000000000000
34 82 1.0000000000000000
34 86 1.0000000000000000
34 90 1.0000000000000000
35 15 1.0000000000000000
35 25 1.0000000000000000
35 30 1.0000000000000000
35 37 1.0000000000000000
35 54 1.0000000000000000
35 74 1.0000000000000000
35 76 1.0000000000000000
35 77 1.0000000000000000
35 78 1.0000000000000000
35 79 1.0000000000000000
35 89 1.0000000000000000
35 95 1.0000000000000000
43 12 1.0000000000000000
43 20 1.0000000000000000
43 25 1.0000000000000000
43 30 1.0000000000000000
43 52 1.0000000000000000
43 54 1.0000000000000000
43 77 1.0000000000000000
43 78 1.0000000000000000
43 79 1.0000000000000000
43 86 1.0000000000000000
43 98 1.0000000000000000
46 5 1.0000000000000000
46 12 1.0000000000000000
46 15 1.0000000000000000
46 25 1.0000000000000000
46 37 1.0000000000000000
46 38 1.0000000000000000
46 48 1.0000000000000000
46 49 1.0000000000000000
46 53 1.0000000000000000
46 54 1.0000000000000000
46 71 1.0000000000000000
46 76 1.0000000000000000
46 77 1.0000000000000000
46 79 1.0000000000000000
46 86 1.0000000000000000
46 95 1.0000000000000000
46 98 1.0000000000000000
46 99 1.0000000000000000
50 5 1.0000000000000000
50 7 1.0000000000000000
50 12 1.0000000000000000
50 15 1.0000000000000000
50 20 1.0000000000000000
50 25 1.0000000000000000
50 30 1.0000000000000000
50 37 1.0000000000000000
50 49 1.0000000000000000
50 52 1.0000000000000000
50 74 1.0000000000000000
50 76 1.0000000000000000
50 77 1.0000000000000000
50 78 1.0000000000000000
50 89 1.0000000000000000
50 95 1.0000000000000000
50 98 1.0000000000000000
56 5 1.0000000000000000
56 12 1.0000000000000000
56 15 1.0000000000000000
56 20 1.0000000000000000
56 25 1.0000000000000000
56 30 1.0000000000000000
56 38 1.0000000000000000
56 41 1.0000000000000000
56 48 1.0000000000000000
56 49 1.0000000000000000
56 60 1.0000000000000000
56 71 1.0000000000000000
56 72 1.0000000000000000
56 74 1.0000000000000000
56 77 1.0000000000000000
56 86 1.0000000000000000
56 90 1.0000000000000000
56 95 1.0000000000000000
57 12 1.0000000000000000
57 25 1.0000000000000000
57 30 1.0000000000000000
57 37 1.0000000000000000
57 48 1.0000000000000000
57 49 1.0000000000000000
57 54 1.0000000000000000
57 76 1.0000000000000000
57 77 1.0000000000000000
57 78 1.0000000000000000
57 79 1.0000000000000000
57 82 1.0000000000000000
57 95 1.0000000000000000
57 98 1.0000000000000000
57 99 1.0000000000000000
63 5 1.0000000000000000
63 7 1.0000000000000000
63 12 1.0000000000000000
63 20 1.0000000000000000
63 25 1.0000000000000000
63 30 1.0000000000000000
63 37 1.0000000000000000
63 41 1.0000000000000000
63 48 1.0000000000000000
63 49 1.0000000000000000
63 52 1.0000000000000000
63 53 1.0000000000000000
63 72 1.0000000000000000
63 74 1.0000000000000000
63 76 1.0000000000000000
63 77 1.0000000000000000
63 78 1.0000000000000000
63 90 1.0000000000000000
63 98 1.0000000000000000
64 5 1.0000000000000000
64 7 1.0000000000000000
64 12 1.0000000000000000
64 15 1.0000000000000000
64 20 1.0000000000000000
64 25 1.0000000000000000
64 30 1.0000000000000000
64 37 1.0000000000000000
64 38 1.0000000000000000
64 41 1.0000000000000000
64 48 1.0000000000000000
64 49 1.0000000000000000
64 54 1.0000000000000000
64 60 1.0000000000000000
64 71 1.0000000000000000
64 77 1.0000000000000000
64 78 1.0000000000000000
64 79 1.0000000000000000
64 82 1.0000000000000000
64 89 1.0000000000000000
64 90 1.0000000000000000
64 95 1.0000000000000000
64 99 1.0000000000000000
65 7 1.0000000000000000
65 12 1.0000000000000000
65 15 1.0000000000000000
65 20 1.0000000000000000
65 25 1.0000000000000000
65 53 1.0000000000000000
65 54 1.0000000000000000
65 60 1.0000000000000000
65 72 1.0000000000000000
65 76 1.0000000000000000
65 77 1.0000000000000000
65 78 1.0000000000000000
65 79 1.0000000000000000
65 82 1.0000000000000000
65 86 1.0000000000000000
65 95 1.0000000000000000
65 98 1.0000000000000000
66 5 1.0000000000000000
66 25 1.0000000000000000
66 30 1.0000000000000000
66 37 1.0000000000000000
66 41 1.0000000000000000
66 48 1.0000000000000000
66 49 1.0000000000000000
66 52 1.0000000000000000
66 53 1.0000000000000000
66 71 1.0000000000000000
66 72 1.0000000000000000
66 77 1.0000000000000000
66 79 1.0000000000000000
66 82 1.0000000000000000
66 86 1.0000000000000000
66 90 1.0000000000000000
66 98 1.0000000000000000
66 99 1.0000000000000000
67 25 1.0000000000000000
67 37 1.0000000000000000
67 38 1.0000000000000000
67 48 1.0000000000000000
67 53 1.0000000000000000
67 77 1.0000000000000000
67 79 1.0000000000000000
67 82 1.0000000000000000
67 86 1.0000000000000000
67 95 1.0000000000000000
67 98 1.0000000000000000
80 5 1.0000000000000000
80 12 1.0000000000000000
80 30 1.0000000000000000
80 37 1.0000000000000000
80 49 1.0000000000000000
80 74 1.0000000000000000
80 77 1.0000000000000000
80 95 1.0000000000000000
80 99 1.0000000000000000
87 37 1.0000000000000000
87 52 1.0000000000000000
87 71 1.0000000000000000
87 77 1.0000000000000000
87 78 1.0000000000000000
87 79 1.0000000000000000
87 82 1.0000000000000000
87 98 1.0000000000000000
93 25 1.0000000000000000
93 30 1.0000000000000000
93 37 1.0000000000000000
93 38 1.0000000000000000
93 48 1.0000000000000000
93 49 1.0000000000000000
93 54 1.0000000000000000
93 71 1.0000000000000000
93 76 1.0000000000000000
93 77 1.0000000000000000
93 78 1.0000000000000000
93 79 1.0000000000000000
93 86 1.0000000000000000
93 98 1.0000000000000000
94 12 1.0000000000000000
94 15 1.0000000000000000
94 25 1.0000000000000000
94 37 1.0000000000000000
94 38 1.0000000000000000
94 48 1.0000000000000000
94 49 1.0000000000000000
94 53 1.0000000000000000
94 71 1.0000000000000000
94 76 1.0000000000000000
94 77 1.0000000000000000
94 78 1.0000000000000000
94 82 1.0000000000000000
94 86 1.0000000000000000
94 98 1.0000000000000000
0 54 1.0000000000000002
0 86 1.0000000000000002
27 5 1.0000000000000002
34 12 1.0000000000000002
34 99 1.0000000000000002
35 5 1.0000000000000002
35 7 1.0000000000000002
35 49 1.0000000000000002
35 71 1.0000000000000002
50 99 1.0000000000000002
57 86 1.0000000000000002
63 15 1.0000000000000002
63 38 1.0000000000000002
63 99 1.0000000000000002
65 30 1.0000000000000002
65 41 1.0000000000000002
65 71 1.0000000000000002
65 89 1.0000000000000002
65 90 1.0000000000000002
66 12 1.0000000000000002
66 15 1.0000000000000002
66 20 1.0000000000000002
66 38 1.0000000000000002
66 60 1.0000000000000002
66 95 1.0000000000000002
67 30 1.0000000000000002
67 49 1.0000000000000002
80 15 1.0000000000000002
80 76 1.0000000000000002
87 12 1.0000000000000002
87 25 1.0000000000000002
87 49 1.0000000000000002
87 54 1.0000000000000002
87 74 1.0000000000000002
87 76 1.0000000000000002
87 86 1.0000000000000002
87 95 1.0000000000000002
93 53 1.0000000000000002
93 95 1.0000000000000002
94 54 1.0000000000000002
94 79 1.0000000000000002
94 95 1.0000000000000002
94 89 1.0011641120272312
0 89 1.0013926984324029
46 89 1.0014742437364759
67 15 1.0018238494779197
67 78 1.0020420796101526
94 7 1.0039834203317586
67 52 1.0043127979088089
65 74 1.0061046888226335
67 12 1.0074694240759856
80 53 1.0075966966129926
65 52 1.0078241019507632
66 89 1.0098682506205376
87 53 1.0109583518515777
57 53 1.0119024587407845
87 38 1.0123751099143874
66 74 1.0124097934272507
35 20 1.0131650595934576
57 38 1.0137835215901605
80 72 1.0139941062162319
66 7 1.0149353126228995
66 78 1.0161842901779803
94 72 1.0208243889678510
94 74 1.0235176021337076
28 72 1.0237017871100764
94 41 1.0240962548299555
94 90 1.0240962548299555
94 60 1.0241899948914504
43 99 1.0249560323862879
63 82 1.0250628411240379
28 41 1.0280005338220675
66 76 1.0294777583229304
94 52 1.0295196116523484
87 99 1.0300323566261163
0 7 1.0308791657332439
94 30 1.0310267816518282
67 76 1.0321177064129050
94 20 1.0322319660463426
67 74 1.0333299316065883
27 82 1.0370535515938466
0 99 1.0381928430317602
34 79 1.0423010707588618
56 54 1.0482369536824718
80 60 1.0536607544365997
46 7 1.0591186110221420
50 71 1.0591583210389894
87 15 1.0596871115289102
28 60 1.0597128227682520
94 5 1.0642144137326881
93 60 1.0649281060865445
57 15 1.0669009562608391
50 54 1.0673000127714904
80 82 1.0685076242504630
87 7 1.0700498539037655
57 60 1.0710804126465410
87 60 1.0711970954016496
28 71 1.0720030074845721
27 60 1.0745905811839342
63 60 1.0788965962499641
46 72 1.0809669593992126
28 20 1.0849449092231611
46 74 1.0872212192538999
65 5 1.0916364093839970
35 72 1.0936175532365215
46 90 1.0992273871164568
46 41 1.0992273871164571
46 60 1.0997824259993945
56 89 1.1027219393427254
63 89 1.1034307244618606
67 90 1.1048210547886896
43 72 1.1062060194823269
50 72 1.1080003207398790
46 52 1.1212621752843848
87 30 1.1216016355718916
67 5 1.1225471869766805
27 89 1.1329810241567551
43 7 1.1344463750613791
50 90 1.1394926758893880
80 48 1.1452365849624437
46 30 1.1460587808431886
80 38 1.1461001360716492
46 20 1.1556061165321323
34 78 1.1603152737984925
80 20 1.1605597477113354
87 20 1.1606679991876905
80 86 1.1632464008429446
87 5 1.1650307774483404
50 48 1.1663363854981486
35 90 1.1702917014118654
43 89 1.1715485678267756
80 90 1.1718136541937971
80 41 1.1718136541937973
87 89 1.1769645301907334
0 30 1.1775725470162932
63 54 1.1910473435028173
80 89 1.1928336576281420
93 20 1.2002495884217070
67 71 1.2057735453666245
87 90 1.2062894023794388
46 78 1.2101859191224442
0 72 1.2225530257339374
67 60 1.2255312738725042
57 20 1.2278476564959497
50 41 1.2326018330352362
50 86 1.2399838106241035
63 71 1.2560753506390776
50 53 1.2578041459534361
43 90 1.2603078831989061
0 60 1.2681333866505047
67 72 1.2714287327327691
27 54 1.2805483016702346
0 41 1.2900804333003277
50 60 1.2932195099385655
93 72 1.3042776086482466
67 20 1.3280262429258216
35 41 1.3284929487246411
50 38 1.3387847282955949
28 54 1.3397991777740506
93 89 1.3400280143619590
28 89 1.3475475385028417
80 7 1.3615097704522350
0 90 1.3706081908206569
27 71 1.3721170640131450
80 79 1.4131836910337070
87 72 1.4138224625520621
67 54 1.4231047203267144
93 7 1.4255958402748932
80 71 1.4295924318001001
43 41 1.4383059605346198
56 7 1.4398886183537445
50 79 1.4805681512041984
35 86 1.5165646646270081
93 5 1.5189655332690712
67 41 1.5535196806592440
57 7 1.5601463662674906
57 5 1.5928229838188337
0 12 1.5966049990261295
0 20 1.5991685816213728
93 90 1.6009772819607853
57 89 1.6031525312143617
57 72 1.6317225603377978
87 41 1.6574267411371775
57 90 1.6833361006291800
35 53 1.7343439372917109
27 86 1.7366490225019062
35 60 1.7866387229116616
34 95 1.8142610330202193
93 41 1.9379144466761993
35 48 1.9976974321548731
67 89 2.5069332529181927
63 79 2.5261781337880738
94 99 2.5776247537674148
43 5 2.6799737429951054
28 7 2.8519230073742143
65 99 3.0883902136509334
57 41 3.1476029339428138
35 38 3.1840262762903082
63 86 3.6316665992390709
67 7 4.1164567529249290
80 54 4.5697623598563393
27 79 6.7918472255242746
