10 32
3 3 3
1
4
6
7
8
9
0
2
3
0 2 0.22807683955614444
0 3 0.49888512646558136
0 4 0.5507096432883163
0 5 0.2202433995252442
0 8 0.7433158853627251
1 2 0.46794160612659064
1 7 0.45059441055310445
2 0 0.8380480862711308
2 1 0.011279359112629561
2 3 0.5768109829971162
2 5 0.4443394434610287
2 8 0.5618351646884713
2 9 0.5767979199689588
3 0 0.9480664031588272
3 2 0.42492539569536325
3 4 0.26241377944702504
3 6 0.7346846187646264
4 0 0.6948018617074462
4 3 0.6501066365660287
4 6 0.5983652723016815
5 0 0.7498750358669921
5 2 0.740837669394729
5 7 0.5631124235679448
6 3 0.3913552384944735
6 4 0.9036928781440776
7 1 0.825613270459552
7 5 0.2875395185032237
8 0 0.5497921535193293
8 2 0.7063071537761376
8 9 0.9951412940525279
9 2 0.28228148176414447
9 8 0.16569146535312118
