43 38 0.9999999999999997
67 99 0.9999999999999997
93 99 0.9999999999999997
22 98 0.9999999999999998
27 41 0.9999999999999998
28 15 0.9999999999999998
28 78 0.9999999999999998
28 82 0.9999999999999998
43 30 0.9999999999999998
43 37 0.9999999999999998
56 15 0.9999999999999998
56 53 0.9999999999999998
56 76 0.9999999999999998
56 78 0.9999999999999998
56 79 0.9999999999999998
56 82 0.9999999999999998
56 98 0.9999999999999998
56 99 0.9999999999999998
57 52 0.9999999999999998
64 98 0.9999999999999998
65 38 0.9999999999999998
65 48 0.9999999999999998
80 25 0.9999999999999998
80 78 0.9999999999999998
93 12 0.9999999999999998
93 15 0.9999999999999998
93 52 0.9999999999999998
0 25 0.9999999999999999
0 98 0.9999999999999999
22 5 0.9999999999999999
22 7 0.9999999999999999
22 54 0.9999999999999999
22 86 0.9999999999999999
27 72 0.9999999999999999
28 98 0.9999999999999999
28 99 0.9999999999999999
34 7 0.9999999999999999
34 54 0.9999999999999999
34 98 0.9999999999999999
35 12 0.9999999999999999
35 25 0.9999999999999999
43 48 0.9999999999999999
43 53 0.9999999999999999
43 60 0.9999999999999999
43 71 0.9999999999999999
43 74 0.9999999999999999
43 76 0.9999999999999999
43 79 0.9999999999999999
43 82 0.9999999999999999
50 82 0.9999999999999999
56 37 0.9999999999999999
57 71 0.9999999999999999
57 74 0.9999999999999999
63 41 0.9999999999999999
64 54 0.9999999999999999
64 86 0.9999999999999999
65 37 0.9999999999999999
65 79 0.9999999999999999
66 54 0.9999999999999999
66 71 0.9999999999999999
80 74 0.9999999999999999
80 98 0.9999999999999999
87 48 0.9999999999999999
87 79 0.9999999999999999
93 38 0.9999999999999999
93 48 0.9999999999999999
93 74 0.9999999999999999
93 76 0.9999999999999999
93 82 0.9999999999999999
0 5 1.0
0 15 1.0
0 37 1.0
0 38 1.0
0 48 1.0
0 49 1.0
0 52 1.0
0 53 1.0
0 54 1.0
0 71 1.0
0 74 1.0
0 76 1.0
0 77 1.0
0 78 1.0
0 79 1.0
0 82 1.0
0 86 1.0
0 95 1.0
22 12 1.0
22 15 1.0
22 20 1.0
22 25 1.0
22 30 1.0
22 37 1.0
22 38 1.0
22 41 1.0
22 48 1.0
22 49 1.0
22 52 1.0
22 53 1.0
22 60 1.0
22 71 1.0
22 74 1.0
22 76 1.0
22 77 1.0
22 78 1.0
22 79 1.0
22 82 1.0
22 90 1.0
22 95 1.0
22 99 1.0
27 12 1.0
27 15 1.0
27 20 1.0
27 25 1.0
27 37 1.0
27 38 1.0
27 48 1.0
27 49 1.0
27 52 1.0
27 53 1.0
27 74 1.0
27 76 1.0
27 77 1.0
27 78 1.0
27 90 1.0
27 95 1.0
27 98 1.0
27 99 1.0
28 5 1.0
28 12 1.0
28 25 1.0
28 30 1.0
28 37 1.0
28 38 1.0
28 48 1.0
28 49 1.0
28 52 1.0
28 53 1.0
28 77 1.0
28 79 1.0
28 86 1.0
28 90 1.0
34 5 1.0
34 15 1.0
34 20 1.0
34 25 1.0
34 37 1.0
34 38 1.0
34 41 1.0
34 48 1.0
34 49 1.0
34 53 1.0
34 60 1.0
34 71 1.0
34 72 1.0
34 74 1.0
34 76 1.0
34 77 1.0
34 82 1.0
34 86 1.0
34 89 1.0
34 90 1.0
34 99 1.0
35 15 1.0
35 30 1.0
35 37 1.0
35 52 1.0
35 54 1.0
35 76 1.0
35 77 1.0
35 78 1.0
35 79 1.0
35 82 1.0
35 95 1.0
35 98 1.0
35 99 1.0
43 12 1.0
43 15 1.0
43 20 1.0
43 25 1.0
43 49 1.0
43 52 1.0
43 54 1.0
43 77 1.0
43 78 1.0
43 86 1.0
43 95 1.0
43 98 1.0
46 5 1.0
46 12 1.0
46 15 1.0
46 25 1.0
46 37 1.0
46 38 1.0
46 48 1.0
46 53 1.0
46 54 1.0
46 71 1.0
46 76 1.0
46 77 1.0
46 79 1.0
46 82 1.0
46 86 1.0
46 98 1.0
46 99 1.0
50 5 1.0
50 7 1.0
50 12 1.0
50 15 1.0
50 20 1.0
50 25 1.0
50 30 1.0
50 37 1.0
50 49 1.0
50 52 1.0
50 74 1.0
50 76 1.0
50 77 1.0
50 78 1.0
50 89 1.0
50 98 1.0
50 99 1.0
56 12 1.0
56 20 1.0
56 25 1.0
56 30 1.0
56 38 1.0
56 41 1.0
56 48 1.0
56 52 1.0
56 60 1.0
56 71 1.0
56 72 1.0
56 74 1.0
56 77 1.0
56 86 1.0
56 90 1.0
56 95 1.0
57 12 1.0
57 25 1.0
57 30 1.0
57 37 1.0
57 54 1.0
57 76 1.0
57 77 1.0
57 78 1.0
57 79 1.0
57 82 1.0
57 98 1.0
57 99 1.0
63 5 1.0
63 7 1.0
63 12 1.0
63 15 1.0
63 20 1.0
63 25 1.0
63 30 1.0
63 37 1.0
63 48 1.0
63 49 1.0
63 52 1.0
63 53 1.0
63 74 1.0
63 76 1.0
63 77 1.0
63 78 1.0
63 90 1.0
63 95 1.0
63 98 1.0
64 5 1.0
64 7 1.0
64 12 1.0
64 15 1.0
64 20 1.0
64 25 1.0
64 30 1.0
64 37 1.0
64 38 1.0
64 41 1.0
64 48 1.0
64 49 1.0
64 52 1.0
64 53 1.0
64 60 1.0
64 71 1.0
64 72 1.0
64 74 1.0
64 76 1.0
64 77 1.0
64 78 1.0
64 79 1.0
64 89 1.0
64 90 1.0
64 95 1.0
64 99 1.0
65 7 1.0
65 15 1.0
65 20 1.0
65 49 1.0
65 53 1.0
65 54 1.0
65 60 1.0
65 72 1.0
65 76 1.0
65 77 1.0
65 78 1.0
65 82 1.0
65 86 1.0
65 95 1.0
65 98 1.0
66 5 1.0
66 15 1.0
66 25 1.0
66 30 1.0
66 37 1.0
66 41 1.0
66 48 1.0
66 49 1.0
66 52 1.0
66 53 1.0
66 72 1.0
66 77 1.0
66 82 1.0
66 86 1.0
66 90 1.0
66 98 1.0
66 99 1.0
67 25 1.0
67 37 1.0
67 38 1.0
67 48 1.0
67 53 1.0
67 77 1.0
67 82 1.0
67 86 1.0
67 98 1.0
80 5 1.0
80 12 1.0
80 15 1.0
80 30 1.0
80 37 1.0
80 49 1.0
80 52 1.0
80 76 1.0
80 77 1.0
80 95 1.0
80 99 1.0
87 37 1.0
87 52 1.0
87 71 1.0
87 77 1.0
87 82 1.0
87 98 1.0
93 25 1.0
93 30 1.0
93 37 1.0
93 49 1.0
93 54 1.0
93 71 1.0
93 77 1.0
93 78 1.0
93 79 1.0
93 86 1.0
93 98 1.0
94 15 1.0
94 37 1.0
94 38 1.0
94 48 1.0
94 49 1.0
94 53 1.0
94 54 1.0
94 71 1.0
94 76 1.0
94 77 1.0
94 78 1.0
94 79 1.0
94 82 1.0
94 86 1.0
94 98 1.0
22 72 1.0000000000000002
22 89 1.0000000000000002
27 5 1.0000000000000002
27 7 1.0000000000000002
27 30 1.0000000000000002
28 74 1.0000000000000002
28 76 1.0000000000000002
28 95 1.0000000000000002
34 12 1.0000000000000002
34 30 1.0000000000000002
34 52 1.0000000000000002
35 5 1.0000000000000002
35 7 1.0000000000000002
35 49 1.0000000000000002
35 71 1.0000000000000002
35 74 1.0000000000000002
35 89 1.0000000000000002
46 49 1.0000000000000002
46 95 1.0000000000000002
50 95 1.0000000000000002
56 5 1.0000000000000002
56 49 1.0000000000000002
57 48 1.0000000000000002
57 49 1.0000000000000002
57 86 1.0000000000000002
57 95 1.0000000000000002
63 38 1.0000000000000002
63 72 1.0000000000000002
63 99 1.0000000000000002
64 82 1.0000000000000002
65 12 1.0000000000000002
65 25 1.0000000000000002
65 30 1.0000000000000002
65 41 1.0000000000000002
65 71 1.0000000000000002
65 89 1.0000000000000002
65 90 1.0000000000000002
66 12 1.0000000000000002
66 20 1.0000000000000002
66 38 1.0000000000000002
66 60 1.0000000000000002
66 79 1.0000000000000002
66 95 1.0000000000000002
67 30 1.0000000000000002
67 49 1.0000000000000002
67 79 1.0000000000000002
67 95 1.0000000000000002
87 12 1.0000000000000002
87 49 1.0000000000000002
87 54 1.0000000000000002
87 74 1.0000000000000002
87 76 1.0000000000000002
87 78 1.0000000000000002
87 86 1.0000000000000002
87 95 1.0000000000000002
93 53 1.0000000000000002
93 95 1.0000000000000002
94 12 1.0000000000000002
94 25 1.0000000000000002
94 95 1.0000000000000002
87 25 1.0000000000000004
94 89 1.0011641120272312
0 89 1.0013926984324029
46 89 1.0014742437364759
67 15 1.0018238494779197
67 78 1.0020420796101526
94 7 1.0039834203317586
67 52 1.004312797908809
65 74 1.0061046888226335
67 12 1.0074694240759856
80 53 1.0075966966129926
65 52 1.0078241019507632
66 89 1.0098682506205376
87 53 1.0109583518515777
57 53 1.0119024587407845
87 38 1.0123751099143874
66 74 1.0124097934272507
35 20 1.0131650595934574
57 38 1.0137835215901605
80 72 1.0139941062162319
66 7 1.0149353126228995
66 78 1.0161842901779803
94 72 1.020824388967851
94 74 1.0235176021337076
28 72 1.0237017871100764
94 41 1.0240962548299555
94 90 1.0240962548299555
94 60 1.0241899948914504
43 99 1.0249560323862879
63 82 1.025062841124038
28 41 1.0280005338220675
66 76 1.0294777583229306
94 52 1.0295196116523484
87 99 1.030032356626116
0 7 1.030879165733244
94 30 1.0310267816518282
67 76 1.032117706412905
94 20 1.0322319660463426
67 74 1.0333299316065883
27 82 1.0370535515938466
0 99 1.0381928430317602
34 79 1.0423010707588618
56 54 1.0482369536824718
80 60 1.0536607544365997
46 7 1.059118611022142
50 71 1.0591583210389894
87 15 1.0596871115289102
28 60 1.059712822768252
94 5 1.064214413732688
93 60 1.0649281060865445
57 15 1.0669009562608391
50 54 1.0673000127714904
80 82 1.068507624250463
87 7 1.0700498539037655
57 60 1.071080412646541
87 60 1.0711970954016496
28 71 1.0720030074845721
27 60 1.074590581183934
63 60 1.0788965962499641
46 72 1.0809669593992126
28 20 1.0849449092231611
46 74 1.0872212192539
65 5 1.0916364093839972
35 72 1.0936175532365215
46 90 1.0992273871164568
46 41 1.099227387116457
46 60 1.0997824259993945
56 89 1.1027219393427254
63 89 1.1034307244618606
67 90 1.1048210547886896
43 72 1.1062060194823269
50 72 1.108000320739879
46 52 1.1212621752843848
87 30 1.1216016355718916
67 5 1.1225471869766805
27 89 1.1329810241567548
43 7 1.1344463750613791
50 90 1.139492675889388
80 48 1.1452365849624437
46 30 1.1460587808431886
80 38 1.146100136071649
46 20 1.1556061165321323
34 78 1.1603152737984925
80 20 1.1605597477113354
87 20 1.1606679991876905
80 86 1.1632464008429446
87 5 1.1650307774483404
50 48 1.1663363854981488
35 90 1.1702917014118654
43 89 1.1715485678267756
80 90 1.171813654193797
80 41 1.1718136541937971
87 89 1.1769645301907334
0 30 1.1775725470162932
63 54 1.1910473435028173
80 89 1.1928336576281422
93 20 1.200249588421707
67 71 1.2057735453666245
87 90 1.2062894023794386
46 78 1.2101859191224442
0 72 1.2225530257339374
67 60 1.2255312738725042
57 20 1.2278476564959497
50 41 1.2326018330352362
50 86 1.2399838106241035
63 71 1.2560753506390776
50 53 1.2578041459534361
43 90 1.260307883198906
0 60 1.2681333866505047
67 72 1.2714287327327691
27 54 1.2805483016702346
0 41 1.2900804333003275
50 60 1.2932195099385655
93 72 1.3042776086482466
67 20 1.3280262429258216
35 41 1.328492948724641
50 38 1.3387847282955951
28 54 1.3397991777740506
93 89 1.340028014361959
28 89 1.347547538502842
80 7 1.3615097704522348
0 90 1.3706081908206567
27 71 1.372117064013145
80 79 1.4131836910337072
87 72 1.4138224625520621
67 54 1.4231047203267144
93 7 1.4255958402748932
80 71 1.4295924318001
43 41 1.4383059605346198
56 7 1.4398886183537445
50 79 1.4805681512041984
35 86 1.5165646646270081
93 5 1.5189655332690712
67 41 1.553519680659244
57 7 1.5601463662674906
57 5 1.5928229838188341
0 12 1.5966049990261295
0 20 1.5991685816213728
93 90 1.6009772819607853
57 89 1.6031525312143617
57 72 1.6317225603377978
87 41 1.6574267411371775
57 90 1.68333610062918
35 53 1.734343937291711
27 86 1.7366490225019062
35 60 1.7866387229116616
34 95 1.8142610330202193
93 41 1.937914446676199
35 48 1.997697432154873
67 89 2.5069332529181927
63 79 2.526178133788074
94 99 2.577624753767415
43 5 2.679973742995106
28 7 2.8519230073742143
65 99 3.0883902136509334
57 41 3.1476029339428138
35 38 3.184026276290308
63 86 3.631666599239071
67 7 4.116456752924929
80 54 4.569762359856338
27 79 6.791847225524275
